17,18,19,20,21,busted,blackjack,sum
2 0.13981 0.134908 0.129656 0.124027 0.117994 0.353607 0 1
3 0.135034 0.130483 0.125581 0.120329 0.1147 0.373873 0 1
4 0.13049 0.125938 0.121387 0.116485 0.111233 0.394467 0 1
5 0.122252 0.122252 0.1177 0.113148 0.108246 0.416402 0 1
6 0.165439 0.106267 0.106267 0.101715 0.0971634 0.423149 0 1
7 0.368564 0.137798 0.0786257 0.0786257 0.074074 0.262313 0 1
8 0.128567 0.359334 0.128567 0.0693952 0.0693952 0.244741 0 1
9 0.119996 0.119996 0.350763 0.119996 0.060824 0.228425 0 1
10 0.111425 0.111425 0.111425 0.342192 0.0345015 0.212109 0.0769233 1
A 0.130789 0.130789 0.130789 0.130789 0.0538662 0.115286 0.30769 1


10 0.151009 0.151009 0.151009 0.151009 0.151009 0.244956 0 1
11 0.145501 0.145501 0.145501 0.145501 0.145501 0.272493 0 1
12 0.14001 0.14001 0.14001 0.14001 0.14001 0.299949 0 1
13 0.134561 0.134561 0.134561 0.134561 0.134561 0.327194 0 1
14 0.129176 0.129176 0.129176 0.129176 0.129176 0.354119 0 1
15 0.111425 0.111425 0.111425 0.111425 0.342192 0.212109 0 1
16 0.103466 0.103466 0.103466 0.103466 0.103466 0.48267 0 1
17 0.0960755 0.0960755 0.0960755 0.0960755 0.0960755 0.519623 0 1
18 0.0892129 0.0892129 0.0892129 0.0892129 0.0892129 0.553935 0 1
19 0.0828405 0.0828405 0.0828405 0.0828405 0.0828405 0.585797 0 1
20 0.0769233 0.0769233 0.0769233 0.0769233 0.0769233 0.615383 0 1
21 1 0 0 0 0 0 0 1
22 0 1 0 0 0 0 0 1
23 0 0 1 0 0 0 0 1
24 0 0 0 1 0 0 0 1
25 0 0 0 0 1 0 0 1
26 0 0 0 0 0 1 0 1
27 0 0 0 0 0 0 1 1

DealerCard:A
      Stand           Hit        max(s,h)       double      max(s,h,d)          split
     0.330754            -1      0.330754            -2      0.330754             0            21 S
     0.146098     -0.897634      0.146098      -1.79527      0.146098             0            20 S
    -0.115481     -0.809472     -0.115481      -1.61894     -0.115481             0            19 S
     -0.37706     -0.741432      -0.37706      -1.48286      -0.37706             0            18 S
    -0.638639     -0.693513     -0.638639      -1.38703     -0.638639             0            17 S
    -0.769428     -0.665716     -0.665716      -1.33143     -0.665716             0            16 H
    -0.769428     -0.640002     -0.640002      -1.29596     -0.640002             0            15 H
    -0.769428      -0.61231      -0.61231      -1.26049      -0.61231             0            14 H
    -0.769428     -0.582488     -0.582488      -1.22501     -0.582488             0            13 H
    -0.769428     -0.550371     -0.550371      -1.18954     -0.550371             0            12 H
    -0.769428      -0.20869      -0.20869     -0.539882      -0.20869             0            11 H

     0.330754     -0.243277      0.330754     -0.575355      0.330754             0            21 S A10
     0.146098     -0.251303      0.146098     -0.625107      0.146098             0            20 S
    -0.115481     -0.311667     -0.115481     -0.745834     -0.115481             0            19 S
     -0.37706      -0.37203      -0.37203     -0.866562      -0.37203             0            18 H
    -0.638639     -0.432007     -0.432007     -0.987289     -0.432007             0            17 H
    -0.769428     -0.422361     -0.422361      -1.04765     -0.422361             0            16 H
    -0.769428     -0.397707     -0.397707      -1.04765     -0.397707             0            15 H
    -0.769428     -0.372679     -0.372679      -1.04765     -0.372679             0            14 H A3
    -0.769428     -0.347363     -0.347363      -1.04765     -0.347363             0            13 H A2

    -0.769428     -0.251303     -0.251303     -0.625107     -0.251303             0            10 H
    -0.769428     -0.353162     -0.353162     -0.915093     -0.353162             0             9 H
    -0.769428     -0.444096     -0.444096      -1.17667     -0.444096             0             8 H
    -0.769428     -0.522356     -0.522356      -1.39801     -0.522356             0             7 H
    -0.769428     -0.518253     -0.518253      -1.51873     -0.518253             0             6 H
    -0.769428     -0.500549     -0.500549      -1.53886     -0.500549             0             5 H

    -0.769428     -0.482897     -0.482897      -1.53886     -0.482897             0             4 H
    -0.769428     -0.465493     -0.465493      -1.53886     -0.465493             0             3 H
    -0.769428     -0.448473     -0.448473      -1.53886     -0.448473             0             2 H
    -0.769428     -0.336375     -0.336375      -1.53886     -0.336375             0             1 H

     0.146098     -0.897634      0.146098      -1.79527      0.146098      -1.67281            20 S 1010
     -0.37706     -0.741432      -0.37706      -1.48286      -0.37706     -0.766191            18 S
    -0.769428     -0.665716     -0.665716      -1.33143     -0.665716     -0.928641            16 H
    -0.769428      -0.61231      -0.61231      -1.26049      -0.61231      -1.12333            14 H
    -0.769428     -0.550371     -0.550371      -1.18954     -0.550371      -1.12489            12 H
    -0.769428     -0.251303     -0.251303     -0.625107     -0.251303      -1.13743            10 H
    -0.769428     -0.444096     -0.444096      -1.17667     -0.444096      -1.06065             8 H 44 
    -0.769428     -0.518253     -0.518253      -1.51873     -0.518253      -1.00603             6 H 33 
    -0.769428     -0.482897     -0.482897      -1.53886     -0.482897     -0.972228             4 H 22

    -0.769428     -0.550371     -0.550371      -1.18954     -0.550371             0            12 H



DealerCard:2
     0.882006            -1      0.882006            -2      0.882006             0            21 S
     0.639986      -0.85523      0.639986      -1.71046      0.639986             0            20 S
     0.386303     -0.729077      0.386303      -1.45815      0.386303             0            19 S
      0.12174     -0.622438       0.12174      -1.24488       0.12174             0            18 S
    -0.152977      -0.53615     -0.152977       -1.0723     -0.152977             0            17 S
    -0.292787     -0.470994     -0.292787     -0.941988     -0.292787             0            16 S
    -0.292787     -0.416593     -0.292787     -0.833185     -0.292787             0            15 S
    -0.292787     -0.362191     -0.292787     -0.724383     -0.292787             0            14 S
    -0.292787      -0.30779     -0.292787      -0.61558     -0.292787             0            13 S
    -0.292787     -0.253389     -0.253389     -0.506778     -0.253389             0            12 H
    -0.292787      0.238347      0.238347      0.470633      0.470633             0            11 D
     0.882006      0.180915      0.882006      0.361831      0.882006             0            21 S
     0.639986      0.182497      0.639986      0.358933      0.639986             0            20 S
     0.386303      0.123955      0.386303       0.24185      0.386303             0            19 S
      0.12174      0.062903       0.12174      0.119745       0.12174             0            18 S
    -0.152977  -0.000492594  -0.000492594   -0.00704643  -0.000492594             0            17 H
    -0.292787    -0.0210263    -0.0210263    -0.0715732    -0.0210263             0            16 H
    -0.292787   -0.00012162   -0.00012162    -0.0715732   -0.00012162             0            15 H
    -0.292787     0.0223912     0.0223912    -0.0715732     0.0223912             0            14 H
    -0.292787     0.0466357     0.0466357    -0.0715732     0.0466357             0            13 H
    -0.292787      0.182497      0.182497      0.358933      0.358933             0            10 D
    -0.292787      0.074443      0.074443     0.0611116      0.074443             0             9 H
    -0.292787     -0.021801     -0.021801     -0.204497     -0.021801             0             8 H
    -0.292787     -0.109186     -0.109186     -0.435764     -0.109186             0             7 H
    -0.292787     -0.140761     -0.140761     -0.564065     -0.140761             0             6 H
    -0.292787     -0.128218     -0.128218     -0.585574     -0.128218             0             5 H
    -0.292787     -0.114915     -0.114915     -0.585574     -0.114915             0             4 H
    -0.292787     -0.100524     -0.100524     -0.585574     -0.100524             0             3 H
    -0.292787    -0.0758851    -0.0758851     -0.585574    -0.0758851             0             2 H
    -0.292787     0.0457627     0.0457627     -0.585574     0.0457627             0             1 H
     0.639986      -0.85523      0.639986      -1.71046      0.639986     -0.427785            20 S
      0.12174     -0.622438       0.12174      -1.24488       0.12174      0.196056            18 P
    -0.292787     -0.470994     -0.292787     -0.941988     -0.292787     0.0760178            16 P
    -0.292787     -0.362191     -0.292787     -0.724383     -0.292787     -0.130528            14 P
    -0.292787     -0.253389     -0.253389     -0.506778     -0.253389     -0.212325            12 P
    -0.292787      0.182497      0.182497      0.358933      0.358933     -0.294008            10 D
    -0.292787     -0.021801     -0.021801     -0.204497     -0.021801     -0.193341             8 H
    -0.292787     -0.140761     -0.140761     -0.564065     -0.140761     -0.137697             6 P
    -0.292787     -0.114915     -0.114915     -0.585574     -0.114915    -0.0841579             4 P
    -0.292787     -0.253389     -0.253389     -0.506778     -0.253389             0            12 H



DealerCard:3
       0.8853            -1        0.8853            -2        0.8853             0            21 S
     0.650271     -0.854976      0.650271      -1.70995      0.650271             0            20 S
     0.404362     -0.728032      0.404362      -1.45606      0.404362             0            19 S
     0.148298     -0.620004      0.148298      -1.24001      0.148298             0            18 S
    -0.117219     -0.531673     -0.117219      -1.06335     -0.117219             0            17 S
    -0.252253     -0.463767     -0.252253     -0.927533     -0.252253             0            16 S
    -0.252253     -0.406247     -0.252253     -0.812495     -0.252253             0            15 S
    -0.252253     -0.348728     -0.252253     -0.697456     -0.252253             0            14 S
    -0.252253     -0.291209     -0.252253     -0.582418     -0.252253             0            13 S
    -0.252253      -0.23369      -0.23369      -0.46738      -0.23369             0            12 H
    -0.252253      0.260322      0.260322      0.517787      0.517787             0            11 D
       0.8853      0.201375        0.8853      0.402749        0.8853             0            21 S
     0.650271      0.206085      0.650271      0.409314      0.650271             0            20 S
     0.404362      0.149337      0.404362      0.295818      0.404362             0            19 S
     0.148298     0.0902462      0.148298      0.177636      0.177636             0            18 D
    -0.117219     0.0289737     0.0289737     0.0550914     0.0550914             0            17 D
    -0.252253    0.00905787    0.00905787   -0.00723146    0.00905787             0            16 H
    -0.252253     0.0291588     0.0291588   -0.00723146     0.0291588             0            15 H
    -0.252253      0.050806      0.050806   -0.00723146      0.050806             0            14 H
    -0.252253     0.0741183     0.0741183   -0.00723146     0.0741183             0            13 H
    -0.252253      0.206085      0.206085      0.409314      0.409314             0            10 D
    -0.252253      0.101262      0.101262      0.120809      0.120809             0             9 D
    -0.252253    0.00800245    0.00800245     -0.136223    0.00800245             0             8 H
    -0.252253    -0.0765855    -0.0765855     -0.359786    -0.0765855             0             7 H
    -0.252253     -0.107293     -0.107293     -0.483732     -0.107293             0             6 H
    -0.252253    -0.0953124    -0.0953124     -0.504507    -0.0953124             0             5 H
    -0.252253    -0.0826153    -0.0826153     -0.504507    -0.0826153             0             4 H
    -0.252253    -0.0688777    -0.0688777     -0.504507    -0.0688777             0             3 H
    -0.252253    -0.0497515    -0.0497515     -0.504507    -0.0497515             0             2 H
    -0.252253     0.0712264     0.0712264     -0.504507     0.0712264             0             1 H
     0.650271     -0.854976      0.650271      -1.70995      0.650271     -0.322902            20 S
     0.148298     -0.620004      0.148298      -1.24001      0.148298      0.259195            18 P
    -0.252253     -0.463767     -0.252253     -0.927533     -0.252253      0.148542            16 P
    -0.252253     -0.348728     -0.252253     -0.697456     -0.252253    -0.0425045            14 P
    -0.252253      -0.23369      -0.23369      -0.46738      -0.23369     -0.119047            12 P
    -0.252253      0.206085      0.206085      0.409314      0.409314     -0.212388            10 D
    -0.252253    0.00800245    0.00800245     -0.136223    0.00800245     -0.109411             8 H
    -0.252253     -0.107293     -0.107293     -0.483732     -0.107293    -0.0559768             6 P
    -0.252253    -0.0826153    -0.0826153     -0.504507    -0.0826153    -0.0152562             4 P
    -0.252253      -0.23369      -0.23369      -0.46738      -0.23369             0            12 H



DealerCard:4
     0.888767            -1      0.888767            -2      0.888767             0            21 S
     0.661049      -0.85471      0.661049      -1.70942      0.661049             0            20 S
     0.423178     -0.726936      0.423178      -1.45387      0.423178             0            19 S
     0.175852     -0.617461      0.175852      -1.23492      0.175852             0            18 S
   -0.0805762      -0.52701    -0.0805762      -1.05402    -0.0805762             0            17 S
    -0.211066     -0.456285     -0.211066      -0.91257     -0.211066             0            16 S
    -0.211066     -0.395598     -0.211066     -0.791195     -0.211066             0            15 S
    -0.211066      -0.33491     -0.211066     -0.669821     -0.211066             0            14 S
    -0.211066     -0.274223     -0.211066     -0.548446     -0.211066             0            13 S
    -0.211066     -0.213535     -0.211066     -0.427071     -0.211066             0            12 S
    -0.211066      0.283016      0.283016      0.566033      0.566033             0            11 D
     0.888767      0.222329      0.888767      0.444658      0.888767             0            21 S
     0.661049      0.230467      0.661049      0.460934      0.661049             0            20 S
     0.423178      0.175574      0.423178      0.351148      0.423178             0            19 S
     0.175852        0.1185      0.175852      0.236999      0.236999             0            18 D
   -0.0805762     0.0593243     0.0593243      0.118649      0.118649             0            17 D
    -0.211066     0.0399732     0.0399732     0.0584231     0.0584231             0            16 D
    -0.211066      0.059284      0.059284     0.0584231      0.059284             0            15 H
    -0.211066     0.0800802     0.0800802     0.0584231     0.0800802             0            14 H
    -0.211066      0.102476      0.102476     0.0584231      0.102476             0            13 H
    -0.211066      0.230467      0.230467      0.460934      0.460934             0            10 D
    -0.211066      0.128978      0.128978      0.181942      0.181942             0             9 D
    -0.211066     0.0387813     0.0387813    -0.0663788     0.0387813             0             8 H
    -0.211066    -0.0430247    -0.0430247     -0.282305    -0.0430247             0             7 H
    -0.211066    -0.0729199    -0.0729199     -0.402057    -0.0729199             0             6 H
    -0.211066    -0.0614821    -0.0614821     -0.422133    -0.0614821             0             5 H
    -0.211066      -0.04937      -0.04937     -0.422133      -0.04937             0             4 H
    -0.211066    -0.0362637    -0.0362637     -0.422133    -0.0362637             0             3 H
    -0.211066    -0.0221027    -0.0221027     -0.422133    -0.0221027             0             2 H
    -0.211066     0.0974787     0.0974787     -0.422133     0.0974787             0             1 H
     0.661049      -0.85471      0.661049      -1.70942      0.661049     -0.214749            20 S
     0.175852     -0.617461      0.175852      -1.23492      0.175852      0.324341            18 P
    -0.211066     -0.456285     -0.211066      -0.91257     -0.211066      0.223402            16 P
    -0.211066      -0.33491     -0.211066     -0.669821     -0.211066     0.0507895            14 P
    -0.211066     -0.213535     -0.211066     -0.427071     -0.211066    -0.0202031            12 P
    -0.211066      0.230467      0.230467      0.460934      0.460934     -0.122782            10 D
    -0.211066     0.0387813     0.0387813    -0.0663788     0.0387813     -0.020753             8 H
    -0.211066    -0.0729199    -0.0729199     -0.402057    -0.0729199     0.0305348             6 P
    -0.211066      -0.04937      -0.04937     -0.422133      -0.04937     0.0597245             4 P
    -0.211066     -0.213535     -0.211066     -0.427071     -0.211066             0            12 S



DealerCard:5
     0.891754            -1      0.891754            -2      0.891754             0            21 S
     0.670359      -0.85448      0.670359      -1.70896      0.670359             0            20 S
     0.439511      -0.72599      0.439511      -1.45198      0.439511             0            19 S
     0.199559     -0.615258      0.199559      -1.23052      0.199559             0            18 S
   -0.0449441     -0.522984    -0.0449441      -1.04597    -0.0449441             0            17 S
    -0.167196     -0.449518     -0.167196     -0.899037     -0.167196             0            16 S
    -0.167196     -0.385456     -0.167196     -0.770912     -0.167196             0            15 S
    -0.167196     -0.321394     -0.167196     -0.642788     -0.167196             0            14 S
    -0.167196     -0.257332     -0.167196     -0.514664     -0.167196             0            13 S
    -0.167196      -0.19327     -0.167196      -0.38654     -0.167196             0            12 S
    -0.167196      0.307346      0.307346      0.614692      0.614692             0            11 D
     0.891754      0.243284      0.891754      0.486567      0.891754             0            21 S
     0.670359      0.256255      0.670359      0.512511      0.670359             0            20 S
     0.439511      0.202983      0.439511      0.405966      0.439511             0            19 S
     0.199559       0.14761      0.199559      0.295221      0.295221             0            18 D
   -0.0449441     0.0911871     0.0911871      0.182374      0.182374             0            17 D
    -0.167196     0.0734472     0.0734472      0.125951      0.125951             0            16 D
    -0.167196     0.0919583     0.0919583      0.125951      0.125951             0            15 D
    -0.167196      0.111893      0.111893      0.125951      0.125951             0            14 D
    -0.167196      0.133362      0.133362      0.125951      0.133362             0            13 H
    -0.167196      0.256255      0.256255      0.512511      0.512511             0            10 D
    -0.167196      0.158029      0.158029      0.243051      0.243051             0             9 D
    -0.167196     0.0708015     0.0708015    0.00344987     0.0708015             0             8 H
    -0.167196   -0.00727424   -0.00727424     -0.202736   -0.00727424             0             7 H
    -0.167196    -0.0349186    -0.0349186     -0.315584    -0.0349186             0             6 H
    -0.167196    -0.0239816    -0.0239816     -0.334392    -0.0239816             0             5 H
    -0.167196    -0.0123824    -0.0123824     -0.334392    -0.0123824             0             4 H
    -0.167196   0.000167555   0.000167555     -0.334392   0.000167555             0             3 H
    -0.167196     0.0137277     0.0137277     -0.334392     0.0137277             0             2 H
    -0.167196      0.125852      0.125852     -0.334392      0.125852             0             1 H
     0.670359      -0.85448      0.670359      -1.70896      0.670359    -0.0967404            20 S
     0.199559     -0.615258      0.199559      -1.23052      0.199559       0.39312            18 P
    -0.167196     -0.449518     -0.167196     -0.899037     -0.167196      0.300222            16 P
    -0.167196     -0.321394     -0.167196     -0.642788     -0.167196      0.148531            14 P
    -0.167196      -0.19327     -0.167196      -0.38654     -0.167196     0.0823758            12 P
    -0.167196      0.256255      0.256255      0.512511      0.512511    -0.0223897            10 D
    -0.167196     0.0708015     0.0708015    0.00344987     0.0708015     0.0819718             8 P
    -0.167196    -0.0349186    -0.0349186     -0.315584    -0.0349186      0.127233             6 P
    -0.167196    -0.0123824    -0.0123824     -0.334392    -0.0123824      0.152631             4 P
    -0.167196      -0.19327     -0.167196      -0.38654     -0.167196             0            12 S



DealerCard:6
     0.902837            -1      0.902837            -2      0.902837             0            21 S
     0.703958     -0.853627      0.703958      -1.70725      0.703958             0            20 S
     0.495976     -0.722553      0.495976      -1.44511      0.495976             0            19 S
     0.283442     -0.607478      0.283442      -1.21496      0.283442             0            18 S
    0.0117367     -0.508751     0.0117367       -1.0175     0.0117367             0            17 S
    -0.153702     -0.430925     -0.153702      -0.86185     -0.153702             0            16 S
    -0.153702     -0.365825     -0.153702      -0.73165     -0.153702             0            15 S
    -0.153702     -0.300725     -0.153702      -0.60145     -0.153702             0            14 S
    -0.153702     -0.235625     -0.153702      -0.47125     -0.153702             0            13 S
    -0.153702     -0.170525     -0.153702      -0.34105     -0.153702             0            12 S
    -0.153702      0.333686      0.333686      0.667373      0.667373             0            11 D
     0.902837      0.268586      0.902837      0.537173      0.902837             0            21 S
     0.703958      0.287792      0.703958      0.575584      0.703958             0            20 S
     0.495976      0.239797      0.495976      0.479593      0.495976             0            19 S
     0.283442      0.190751      0.283442      0.381502      0.381502             0            18 D
    0.0117367       0.12805       0.12805      0.256101      0.256101             0            17 D
    -0.153702     0.0988198     0.0988198      0.179745      0.179745             0            16 D
    -0.153702      0.118245      0.118245      0.179745      0.179745             0            15 D
    -0.153702      0.139164      0.139164      0.179745      0.179745             0            14 D
    -0.153702      0.161692      0.161692      0.179745      0.179745             0            13 D
    -0.153702      0.287792      0.287792      0.575584      0.575584             0            10 D
    -0.153702      0.196016      0.196016      0.317048      0.317048             0             9 D
    -0.153702      0.114957      0.114957     0.0870087      0.114957             0             8 H
    -0.153702     0.0291825     0.0291825     -0.138343     0.0291825             0             7 H
    -0.153702    -0.0130084    -0.0130084     -0.281952    -0.0130084             0             6 H
    -0.153702   -0.00118885   -0.00118885     -0.307404   -0.00118885             0             5 H
    -0.153702      0.011128      0.011128     -0.307404      0.011128             0             4 H
    -0.153702      0.024469      0.024469     -0.307404      0.024469             0             3 H
    -0.153702     0.0388812     0.0388812     -0.307404     0.0388812             0             2 H
    -0.153702      0.152622      0.152622     -0.307404      0.152622             0             1 H
     0.703958     -0.853627      0.703958      -1.70725      0.703958    0.00905762            20 S
     0.283442     -0.607478      0.283442      -1.21496      0.283442      0.472445            18 P
    -0.153702     -0.430925     -0.153702      -0.86185     -0.153702      0.412659            16 P
    -0.153702     -0.300725     -0.153702      -0.60145     -0.153702      0.249754            14 P
    -0.153702     -0.170525     -0.153702      -0.34105     -0.153702      0.155483            12 P
    -0.153702      0.287792      0.287792      0.575584      0.575584     0.0422542            10 D
    -0.153702      0.114957      0.114957     0.0870087      0.114957      0.151586             8 P
    -0.153702    -0.0130084    -0.0130084     -0.281952    -0.0130084      0.202582             6 P
    -0.153702      0.011128      0.011128     -0.307404      0.011128      0.228163             4 P
    -0.153702     -0.170525     -0.153702      -0.34105     -0.153702             0            12 S



DealerCard:7
     0.925926            -1      0.925926            -2      0.925926             0            21 S
     0.773226     -0.851851      0.773226       -1.7037      0.773226             0            20 S
     0.615975     -0.715449      0.615975       -1.4309      0.615975             0            19 S
     0.399552     -0.591143      0.399552      -1.18229      0.399552             0            18 S
     -0.10681     -0.483485      -0.10681     -0.966969      -0.10681             0            17 S
    -0.475375     -0.414777     -0.414777     -0.829555     -0.414777             0            16 H
    -0.475375      -0.36976      -0.36976     -0.748843      -0.36976             0            15 H
    -0.475375      -0.32128      -0.32128     -0.668131      -0.32128             0            14 H
    -0.475375     -0.269071     -0.269071     -0.587419     -0.269071             0            13 H
    -0.475375     -0.212845     -0.212845     -0.506707     -0.212845             0            12 H
    -0.475375      0.292145      0.292145      0.462884      0.462884             0            11 D
     0.925926      0.231595      0.925926      0.382172      0.925926             0            21 S
     0.773226      0.256907      0.773226      0.392408      0.773226             0            20 S
     0.615975      0.220619      0.615975      0.319831      0.615975             0            19 S
     0.399552      0.170675      0.399552      0.219944      0.399552             0            18 S
     -0.10681      0.053824      0.053824    -0.0137588      0.053824             0            17 H
    -0.475375   -0.00488804   -0.00488804     -0.183863   -0.00488804             0            16 H
    -0.475375     0.0370305     0.0370305     -0.183863     0.0370305             0            15 H
    -0.475375     0.0795098     0.0795098     -0.183863     0.0795098             0            14 H
    -0.475375      0.122388      0.122388     -0.183863      0.122388             0            13 H
    -0.475375      0.256907      0.256907      0.392408      0.392408             0            10 D
    -0.475375      0.171866      0.171866      0.104245      0.171866             0             9 H
    -0.475375     0.0822059     0.0822059     -0.187734     0.0822059             0             8 H
    -0.475375    -0.0688079    -0.0688079     -0.589338    -0.0688079             0             7 H
    -0.475375     -0.151931     -0.151931     -0.894047     -0.151931             0             6 H
    -0.475375     -0.119446     -0.119446     -0.950749     -0.119446             0             5 H
    -0.475375    -0.0882777    -0.0882777     -0.950749    -0.0882777             0             4 H
    -0.475375    -0.0574361    -0.0574361     -0.950749    -0.0574361             0             3 H
    -0.475375    -0.0272556    -0.0272556     -0.950749    -0.0272556             0             2 H
    -0.475375     0.0918194     0.0918194     -0.950749     0.0918194             0             1 H
     0.773226     -0.851851      0.773226       -1.7037      0.773226     -0.271604            20 S
     0.399552     -0.591143      0.399552      -1.18229      0.399552      0.364627            18 S
    -0.475375     -0.414777     -0.414777     -0.829555     -0.414777      0.325399            16 P
    -0.475375      -0.32128      -0.32128     -0.668131      -0.32128    -0.0485422            14 P
    -0.475375     -0.212845     -0.212845     -0.506707     -0.212845     -0.264731            12 H
    -0.475375      0.256907      0.256907      0.392408      0.392408     -0.297994            10 D
    -0.475375     0.0822059     0.0822059     -0.187734     0.0822059     -0.167923             8 H
    -0.475375     -0.151931     -0.151931     -0.894047     -0.151931    -0.0524541             6 P
    -0.475375    -0.0882777    -0.0882777     -0.950749    -0.0882777    0.00730827             4 P
    -0.475375     -0.212845     -0.212845     -0.506707     -0.212845             0            12 H



DealerCard:8
     0.930605            -1      0.930605            -2      0.930605             0            21 S
     0.791814     -0.851491      0.791814      -1.70298      0.791814             0            20 S
     0.593852     -0.713659      0.593852      -1.42732      0.593852             0            19 S
     0.105951     -0.591055      0.105951      -1.18211      0.105951             0            18 S
     -0.38195     -0.505981      -0.38195      -1.01196      -0.38195             0            17 S
    -0.510517     -0.458439     -0.458439     -0.916878     -0.458439             0            16 H
    -0.510517      -0.41678      -0.41678     -0.841572      -0.41678             0            15 H
    -0.510517     -0.371917     -0.371917     -0.766267     -0.371917             0            14 H
    -0.510517     -0.323603     -0.323603     -0.690962     -0.323603             0            13 H
    -0.510517     -0.271572     -0.271572     -0.615656     -0.271572             0            12 H
    -0.510517       0.22998       0.22998      0.350687      0.350687             0            11 D
     0.930605      0.173947      0.930605      0.275382      0.930605             0            21 S
     0.791814      0.197952      0.791814      0.286631      0.791814             0            20 S
     0.593852      0.152269      0.593852      0.195265      0.593852             0            19 S
     0.105951     0.0396779      0.105951    -0.0299178      0.105951             0            18 S
     -0.38195    -0.0729134    -0.0729134       -0.2551    -0.0729134             0            17 H
    -0.510517    -0.0667924    -0.0667924     -0.314438    -0.0667924             0            16 H
    -0.510517    -0.0270522    -0.0270522     -0.314438    -0.0270522             0            15 H
    -0.510517     0.0132799     0.0132799     -0.314438     0.0132799             0            14 H
    -0.510517     0.0540599     0.0540599     -0.314438     0.0540599             0            13 H
    -0.510517      0.197952      0.197952      0.286631      0.286631             0            10 D
    -0.510517     0.0983748     0.0983748    -0.0264471     0.0983748             0             9 H
    -0.510517    -0.0598984    -0.0598984     -0.451989    -0.0598984             0             8 H
    -0.510517     -0.210603     -0.210603     -0.847075     -0.210603             0             7 H
    -0.510517      -0.21724      -0.21724      -1.00125      -0.21724             0             6 H
    -0.510517     -0.188091     -0.188091      -1.02103     -0.188091             0             5 H
    -0.510517     -0.159332     -0.159332      -1.02103     -0.159332             0             4 H
    -0.510517      -0.13094      -0.13094      -1.02103      -0.13094             0             3 H
    -0.510517      -0.10316      -0.10316      -1.02103      -0.10316             0             2 H
    -0.510517     0.0192411     0.0192411      -1.02103     0.0192411             0             1 H
     0.791814     -0.851491      0.791814      -1.70298      0.791814     -0.609778            20 S
     0.105951     -0.591055      0.105951      -1.18211      0.105951      0.235205            18 P
    -0.510517     -0.458439     -0.458439     -0.916878     -0.458439    -0.0201549            16 P
    -0.510517     -0.371917     -0.371917     -0.766267     -0.371917     -0.392098            14 H
    -0.510517     -0.271572     -0.271572     -0.615656     -0.271572      -0.42603            12 H
    -0.510517      0.197952      0.197952      0.286631      0.286631     -0.458625            10 D
    -0.510517    -0.0598984    -0.0598984     -0.451989    -0.0598984     -0.327643             8 H
    -0.510517      -0.21724      -0.21724      -1.00125      -0.21724     -0.231926             6 H
    -0.510517     -0.159332     -0.159332      -1.02103     -0.159332     -0.176793             4 H
    -0.510517     -0.271572     -0.271572     -0.615656     -0.271572             0            12 H



DealerCard:9
     0.939176            -1      0.939176            -2      0.939176             0            21 S
     0.758356     -0.850832      0.758356      -1.70166      0.758356             0            20 S
     0.287597     -0.715574      0.287597      -1.43115      0.287597             0            19 S
    -0.183161     -0.616527     -0.183161      -1.23305     -0.183161             0            18 S
    -0.423153     -0.553693     -0.423153      -1.10739     -0.423153             0            17 S
    -0.543149      -0.50932      -0.50932      -1.01864      -0.50932             0            16 H
    -0.543149     -0.471576     -0.471576     -0.948356     -0.471576             0            15 H
    -0.543149     -0.430927     -0.430927     -0.878071     -0.430927             0            14 H
    -0.543149     -0.387153     -0.387153     -0.807786     -0.387153             0            13 H
    -0.543149      -0.34001      -0.34001     -0.737501      -0.34001             0            12 H
    -0.543149      0.158256      0.158256      0.227778      0.227778             0            11 D
     0.939176      0.107487      0.939176      0.157493      0.939176             0            21 S
     0.758356      0.116528      0.758356      0.144324      0.758356             0            20 S
     0.287597     0.0078929      0.287597     -0.072947      0.287597             0            19 S
    -0.183161     -0.100743     -0.100743     -0.290218     -0.100743             0            18 H
    -0.423153     -0.149785     -0.149785     -0.400982     -0.149785             0            17 H
    -0.543149     -0.148641     -0.148641     -0.456364     -0.148641             0            16 H
    -0.543149     -0.112186     -0.112186     -0.456364     -0.112186             0            15 H
    -0.543149    -0.0751601    -0.0751601     -0.456364    -0.0751601             0            14 H
    -0.543149    -0.0376915    -0.0376915     -0.456364    -0.0376915             0            13 H
    -0.543149      0.116528      0.116528      0.144324      0.144324             0            10 D
    -0.543149    -0.0521781    -0.0521781     -0.300998    -0.0521781             0             9 H
    -0.543149     -0.210185     -0.210185     -0.718501     -0.210185             0             8 H
    -0.543149     -0.285364     -0.285364     -0.957073     -0.285364             0             7 H
    -0.543149     -0.292639     -0.292639      -1.06784     -0.292639             0             6 H
    -0.543149     -0.266613     -0.266613       -1.0863     -0.266613             0             5 H
    -0.543149     -0.240664     -0.240664       -1.0863     -0.240664             0             4 H
    -0.543149     -0.215074     -0.215074       -1.0863     -0.215074             0             3 H
    -0.543149     -0.190045     -0.190045       -1.0863     -0.190045             0             2 H
    -0.543149     -0.062552     -0.062552       -1.0863     -0.062552             0             1 H
     0.758356     -0.850832      0.758356      -1.70166      0.758356     -0.983073            20 S
    -0.183161     -0.616527     -0.183161      -1.23305     -0.183161    -0.0773874            18 P
    -0.543149      -0.50932      -0.50932      -1.01864      -0.50932     -0.386503            16 P
    -0.543149     -0.430927     -0.430927     -0.878071     -0.430927     -0.578452            14 H
    -0.543149      -0.34001      -0.34001     -0.737501      -0.34001     -0.612177            12 H
    -0.543149      0.116528      0.116528      0.144324      0.144324     -0.638723            10 D
    -0.543149     -0.210185     -0.210185     -0.718501     -0.210185     -0.512933             8 H
    -0.543149     -0.292639     -0.292639      -1.06784     -0.292639     -0.437457             6 H
    -0.543149     -0.240664     -0.240664       -1.0863     -0.240664     -0.387746             4 H
    -0.543149      -0.34001      -0.34001     -0.737501      -0.34001             0            12 H



DealerCard:10
     0.811652            -1      0.811652            -2      0.811652             0            21 S
     0.434959     -0.860642      0.434959      -1.72128      0.434959             0            20 S
   -0.0186575      -0.75026    -0.0186575      -1.50052    -0.0186575             0            19 S
    -0.241507     -0.674772     -0.241507      -1.34954     -0.241507             0            18 S
    -0.464357     -0.616426     -0.464357      -1.23285     -0.464357             0            17 S
    -0.575782     -0.575223     -0.575223      -1.15045     -0.575223             0            16 H
    -0.575782     -0.542547     -0.542547      -1.08518     -0.542547             0            15 H
    -0.575782     -0.507358     -0.507358      -1.01992     -0.507358             0            14 H
    -0.575782     -0.469463     -0.469463     -0.954651     -0.469463             0            13 H
    -0.575782     -0.428652     -0.428652     -0.889387     -0.428652             0            12 H
    -0.575782     0.0333667     0.0333667     0.0120155     0.0333667             0            11 H
     0.811652    -0.0105832      0.811652    -0.0532491      0.811652             0            21 S
     0.434959    -0.0535614      0.434959     -0.161841      0.434959             0            20 S
   -0.0186575     -0.158241    -0.0186575       -0.3712    -0.0186575             0            19 S
    -0.241507     -0.209667     -0.209667     -0.474053     -0.209667             0            18 H
    -0.464357     -0.258644     -0.258644     -0.576905     -0.258644             0            17 H
    -0.575782     -0.268404     -0.268404     -0.628331     -0.268404             0            16 H
    -0.575782     -0.237262     -0.237262     -0.628331     -0.237262             0            15 H
    -0.575782     -0.205659     -0.205659     -0.628331     -0.205659             0            14 H
    -0.575782     -0.173706     -0.173706     -0.628331     -0.173706             0            13 H
    -0.575782    -0.0535614    -0.0535614     -0.161841    -0.0535614             0            10 H
    -0.575782     -0.218109     -0.218109     -0.584652     -0.218109             0             9 H
    -0.575782     -0.307114     -0.307114     -0.843004     -0.307114             0             8 H
    -0.575782     -0.371434     -0.371434      -1.03157     -0.371434             0             7 H
    -0.575782      -0.38869      -0.38869      -1.13442      -0.38869             0             6 H
    -0.575782     -0.366224     -0.366224      -1.15156     -0.366224             0             5 H
    -0.575782     -0.343873     -0.343873      -1.15156     -0.343873             0             4 H
    -0.575782      -0.32184      -0.32184      -1.15156      -0.32184             0             3 H
    -0.575782     -0.300304     -0.300304      -1.15156     -0.300304             0             2 H
    -0.575782     -0.172107     -0.172107      -1.15156     -0.172107             0             1 H
     0.434959     -0.860642      0.434959      -1.72128      0.434959      -1.29909            20 S
    -0.241507     -0.674772     -0.241507      -1.34954     -0.241507     -0.471621            18 S
    -0.575782     -0.575223     -0.575223      -1.15045     -0.575223      -0.62132            16 H
    -0.575782     -0.507358     -0.507358      -1.01992     -0.507358     -0.785687            14 H
    -0.575782     -0.428652     -0.428652     -0.889387     -0.428652     -0.840784            12 H
    -0.575782    -0.0535614    -0.0535614     -0.161841    -0.0535614     -0.855882            10 H
    -0.575782     -0.307114     -0.307114     -0.843004     -0.307114     -0.756951             8 H
    -0.575782      -0.38869      -0.38869      -1.13442      -0.38869     -0.690042             6 H
    -0.575782     -0.343873     -0.343873      -1.15156     -0.343873     -0.647286             4 H
    -0.575782     -0.428652     -0.428652     -0.889387     -0.428652             0            12 H



5    H H H H H H H H H H 
6    H H H H H H H H H H 
7    H H H H H H H H H H 
8    H H H H H H H H H H 
9    H D D D D H H H H H 
10   D D D D D D D D H H 
11   D D D D D D D D H H 
12   H H S S S H H H H H 
13   S S S S S H H H H H 
14   S S S S S H H H H H 
15   S S S S S H H H H H 
16   S S S S S H H H H H 
17   S S S S S S S S S S 
18   S S S S S S S S S S 
19   S S S S S S S S S S 
A2   H H H H D H H H H H 
A3   H H H D D H H H H H 
A4   H H H D D H H H H H 
A5   H H D D D H H H H H 
A6   H D D D D H H H H H 
A7   S D D D D S S H H H 
A8   S S S S S S S S S S 
A9   S S S S S S S S S S 
22   P P P P P P H H H H 
33   P P P P P P H H H H 
44   H H H P P H H H H H 
55   D D D D D D D D H H 
66   P P P P P H H H H H 
77   P P P P P P H H H H 
88   P P P P P P P P H H 
99   P P P P P S P P S S 
1010 S S S S S S S S S S 
AA   H H S S S H H H H H 
